3000.0 1000.0 -3.0644255
3000.0 1500.0 -2.8921436
3000.0 2000.0 -2.7447514
3000.0 2500.0 -2.6152498
3000.0 3000.0 -2.4998392
3000.0 3500.0 -2.4712291
3000.0 4000.0 -2.4449748
3000.0 4500.0 -2.4208548
3000.0 5000.0 -2.3982459
3500.0 1000.0 -2.6746191
3500.0 1500.0 -2.5391803
3500.0 2000.0 -2.422607
3500.0 2500.0 -2.3194224
3500.0 3000.0 -2.2267496
3500.0 3500.0 -2.1427009
3500.0 4000.0 -2.1216043
3500.0 4500.0 -2.1019906
3500.0 5000.0 -2.0837425
4000.0 1000.0 -2.3736731
4000.0 1500.0 -2.2638998
4000.0 2000.0 -2.1691449
4000.0 2500.0 -2.084746
4000.0 3000.0 -2.0085047
4000.0 3500.0 -1.9388568
4000.0 4000.0 -1.8748476
4000.0 4500.0 -1.8585593
4000.0 5000.0 -1.8434222
4500.0 1000.0 -2.1342785
4500.0 1500.0 -2.0430571
4500.0 2000.0 -1.9641897
4500.0 2500.0 -1.893813
4500.0 3000.0 -1.8297905
4500.0 3500.0 -1.7711212
4500.0 4000.0 -1.716882
4500.0 4500.0 -1.6665291
4500.0 5000.0 -1.6536322
5000.0 1000.0 -1.9393831
5000.0 1500.0 -1.8619399
5000.0 2000.0 -1.7951738
5000.0 2500.0 -1.7353416
5000.0 3000.0 -1.6807307
5000.0 3500.0 -1.6305223
5000.0 4000.0 -1.5839455
5000.0 4500.0 -1.540529
5000.0 5000.0 -1.4998657
5500.0 1000.0 -1.7776263
5500.0 1500.0 -1.7106349
5500.0 2000.0 -1.6531807
5500.0 2500.0 -1.6016103
5500.0 3000.0 -1.5544513
5500.0 3500.0 -1.5109029
5500.0 4000.0 -1.4704338
5500.0 4500.0 -1.4325527
5500.0 5000.0 -1.3970222
6000.0 1000.0 -1.6411457
6000.0 1500.0 -1.5823816
6000.0 2000.0 -1.5322769
6000.0 2500.0 -1.4872981
6000.0 3000.0 -1.4460683
6000.0 3500.0 -1.4079159
6000.0 4000.0 -1.372327
6000.0 4500.0 -1.3389802
6000.0 5000.0 -1.3075792
