3000.0 1000.0 -2.8738545
3000.0 1500.0 -2.6254536
3000.0 2000.0 -2.420339
3000.0 2500.0 -2.2466073
3000.0 3000.0 -2.0968068
3000.0 3500.0 -1.9999335
3000.0 4000.0 -1.9120252
3000.0 4500.0 -1.8316783
3000.0 5000.0 -1.7579953
3500.0 1000.0 -2.5337392
3500.0 1500.0 -2.3362054
3500.0 2000.0 -2.1711975
3500.0 2500.0 -2.0296467
3500.0 3000.0 -1.9061253
3500.0 3500.0 -1.7973018
3500.0 4000.0 -1.7256355
3500.0 4500.0 -1.6596766
3500.0 5000.0 -1.5987396
4000.0 1000.0 -2.2667226
4000.0 1500.0 -2.1050065
4000.0 2000.0 -1.969027
4000.0 2500.0 -1.8512751
4000.0 3000.0 -1.7475427
4000.0 3500.0 -1.6553406
4000.0 4000.0 -1.572603
4000.0 4500.0 -1.5175013
4000.0 5000.0 -1.4662298
4500.0 1000.0 -2.0513066
4500.0 1500.0 -1.9159506
4500.0 2000.0 -1.8016669
4500.0 2500.0 -1.7020094
4500.0 3000.0 -1.6135571
4500.0 3500.0 -1.5343659
4500.0 4000.0 -1.4628193
4500.0 4500.0 -1.397899
4500.0 5000.0 -1.3541405
5000.0 1000.0 -1.8739272
5000.0 1500.0 -1.7584685
5000.0 2000.0 -1.6608328
5000.0 2500.0 -1.5752582
5000.0 3000.0 -1.4988424
5000.0 3500.0 -1.4300331
5000.0 4000.0 -1.3675203
5000.0 4500.0 -1.3104705
5000.0 5000.0 -1.2580844
5500.0 1000.0 -1.7253218
5500.0 1500.0 -1.6252567
5500.0 2000.0 -1.5406628
5500.0 2500.0 -1.466262
5500.0 3000.0 -1.3995292
5500.0 3500.0 -1.3391294
5500.0 4000.0 -1.283987
5500.0 4500.0 -1.2334367
5500.0 5000.0 -1.1868197
6000.0 1000.0 -1.5990078
6000.0 1500.0 -1.5110889
6000.0 2000.0 -1.4369808
6000.0 2500.0 -1.3715406
6000.0 3000.0 -1.3126828
6000.0 3500.0 -1.2591985
6000.0 4000.0 -1.2101678
6000.0 4500.0 -1.1650441
6000.0 5000.0 -1.1232715
